[vocsgp30_outside]
last_updated = 2022-09-07T12:37:35.642098Z
eco2 = 36767
tvoc = 41064

[vocsgp30_chamber]
last_updated = 2022-09-07T12:37:34.133502Z
eco2 = 35614
tvoc = 42118

